labels 1 0
0 0.348586 0.651414
1 0.698534 0.301466
1 0.867979 0.132021
1 0.773323 0.226677
0 0.306835 0.693165
1 0.773331 0.226669
0 0.495103 0.504897
1 0.653223 0.346777
1 0.508668 0.491332
1 0.735104 0.264896
1 0.505089 0.494911
1 0.671041 0.328959
0 0.441607 0.558393
1 0.956446 0.0435543
1 0.77613 0.22387
1 0.861948 0.138052
1 0.8189 0.1811
1 0.553915 0.446085
1 0.773438 0.226562
1 0.849369 0.150631
1 0.638938 0.361062
1 0.748724 0.251276
1 0.7249 0.2751
0 0.272951 0.727049
1 0.813214 0.186786
1 0.953712 0.0462875
1 0.915332 0.0846679
1 0.771661 0.228339
1 0.750398 0.249602
1 0.903665 0.0963351
0 0.467347 0.532653
1 0.973797 0.0262029
1 0.680082 0.319918
1 0.753119 0.246881
1 0.773431 0.226569
1 0.504154 0.495846
0 0.456769 0.543231
1 0.620993 0.379007
1 0.773438 0.226562
0 0.390037 0.609963
1 0.773303 0.226697
1 0.531825 0.468175
1 0.773314 0.226686
1 0.812207 0.187793
1 0.749077 0.250923
1 0.934259 0.0657405
1 0.849377 0.150623
1 0.883634 0.116366
1 0.633905 0.366095
1 0.561455 0.438545
1 0.848458 0.151542
0 0.234284 0.765716
0 0.0843225 0.915677
1 0.953628 0.0463723
1 0.581735 0.418265
1 0.871957 0.128043
1 0.763248 0.236752
1 0.877211 0.122789
1 0.899152 0.100848
0 0.497616 0.502384
1 0.773449 0.226551
1 0.908612 0.0913885
1 0.827155 0.172845
1 0.834051 0.165949
1 0.835321 0.164679
1 0.836698 0.163302
1 0.923304 0.076696
0 0.143789 0.856211
1 0.564742 0.435258
1 0.890114 0.109886
1 0.666916 0.333084
1 0.85276 0.14724
1 0.944133 0.0558667
1 0.921074 0.0789259
1 0.742431 0.257569
0 0.352969 0.647031
1 0.676909 0.323091
1 0.833491 0.166509
1 0.552975 0.447025
1 0.939222 0.0607782
1 0.861069 0.138931
1 0.641797 0.358203
1 0.773386 0.226614
0 0.427629 0.572371
1 0.926075 0.0739254
1 0.561184 0.438816
0 0.225862 0.774138
0 0.022885 0.977115
0 0.137359 0.862641
0 0.409826 0.590174
0 0.0776339 0.922366
0 0.211616 0.788384
0 0.14384 0.85616
0 0.0756279 0.924372
1 0.620314 0.379686
0 0.134477 0.865523
0 0.107828 0.892172
0 0.298838 0.701162
0 0.123363 0.876637
1 0.547118 0.452882
0 0.0669839 0.933016
0 0.126697 0.873303
1 0.69713 0.30287
1 0.604195 0.395805
0 0.190539 0.809461
0 0.252854 0.747146
0 0.225962 0.774038
1 0.506282 0.493718
0 0.0496311 0.950369
1 0.631366 0.368634
1 0.692393 0.307607
0 0.228374 0.771626
0 0.363512 0.636488
0 0.0277669 0.972233
0 0.421174 0.578826
1 0.559124 0.440876
1 0.994489 0.00551067
1 0.741034 0.258966
0 0.339473 0.660527
0 0.0541079 0.945892
0 0.217423 0.782577
1 0.647926 0.352074
1 0.621443 0.378557
0 0.154472 0.845528
1 0.966732 0.0332676
0 0.249052 0.750948
0 0.210605 0.789395
0 0.223782 0.776218
0 0.0632938 0.936706
1 0.668951 0.331049
0 0.348366 0.651634
0 0.3767 0.6233
0 0.366367 0.633633
0 0.225821 0.774179
0 0.152822 0.847178
0 0.47443 0.52557
0 0.331979 0.668021
0 0.158612 0.841388
1 0.872273 0.127727
0 0.409064 0.590936
0 0.363986 0.636014
0 0.100781 0.899219
0 0.0187185 0.981282
0 0.230249 0.769751
0 0.0844405 0.915559
0 0.446412 0.553588
0 0.0615835 0.938417
1 0.977396 0.022604
1 0.662303 0.337697
0 0.093168 0.906832
0 0.145757 0.854243
1 0.531695 0.468305
0 0.484798 0.515202
0 0.0738461 0.926154
0 0.154093 0.845907
0 0.0325557 0.967444
0 0.0715892 0.928411
1 0.646119 0.353881
0 0.181662 0.818338
0 0.229327 0.770673
1 0.575759 0.424241
0 0.326849 0.673151
0 0.345998 0.654002
1 0.77277 0.22723
0 0.269582 0.730418
0 0.0632035 0.936796
0 0.225943 0.774057
0 0.193676 0.806324
0 0.322129 0.677871
0 0.129802 0.870198
0 0.241154 0.758846
0 0.278474 0.721526
0 0.222959 0.777041
0 0.16084 0.83916
0 0.439924 0.560076
1 0.8668 0.1332
1 0.544457 0.455543
0 0.225988 0.774012
1 0.969362 0.0306376
0 0.345955 0.654045
1 0.606803 0.393197
0 0.0996396 0.90036
0 0.225853 0.774147
1 0.81654 0.18346
1 0.63278 0.36722
1 0.593641 0.406359
0 0.142777 0.857223
0 0.461446 0.538554
1 0.640837 0.359163
1 0.629235 0.370765
0 0.459904 0.540096
1 0.605244 0.394756
1 0.794865 0.205135
0 0.41492 0.58508
0 0.225894 0.774106
1 0.857656 0.142344
0 0.20659 0.79341
1 0.546711 0.453289
0 0.0471415 0.952858
1 0.829027 0.170973
1 0.609907 0.390093
1 0.580572 0.419428
0 0.225787 0.774213
0 0.36263 0.63737
1 0.755644 0.244356
0 0.371093 0.628907
0 0.346688 0.653312
1 0.57342 0.42658
0 0.320336 0.679664
1 0.556915 0.443085
0 0.087264 0.912736
0 0.338873 0.661127
0 0.173332 0.826668
0 0.243575 0.756425
0 0.0416716 0.958328
0 0.266931 0.733069
0 0.102407 0.897593
1 0.602592 0.397408
0 0.0306406 0.969359
1 0.84264 0.15736
0 0.123389 0.876611
0 0.225829 0.774171
0 0.460881 0.539119
1 0.539506 0.460494
1 0.627029 0.372971
0 0.0727656 0.927234
0 0.314163 0.685837
1 0.569639 0.430361
0 0.254317 0.745683
0 0.430073 0.569927
0 0.219793 0.780207
1 0.596172 0.403828
0 0.381027 0.618973
0 0.0418737 0.958126
0 0.276625 0.723375
1 0.999535 0.000464537
0 0.184245 0.815755
1 0.863435 0.136565
0 0.129818 0.870182
0 0.160629 0.839371
0 0.375878 0.624122
1 0.615138 0.384862
0 0.264178 0.735822
0 0.378772 0.621228
0 0.430371 0.569629
0 0.269475 0.730525
0 0.225939 0.774061
0 0.279451 0.720549
1 0.522543 0.477457
0 0.162589 0.837411
0 0.0208522 0.979148
1 0.666397 0.333603
1 0.672868 0.327132
1 0.774686 0.225314
0 0.166977 0.833023
1 0.656874 0.343126
0 0.273676 0.726324
0 0.418388 0.581612
0 0.164337 0.835663
1 0.8802 0.1198
0 0.185873 0.814127
0 0.192492 0.807508
0 0.102644 0.897356
0 0.225785 0.774215
0 0.259891 0.740109
1 0.750716 0.249284
0 0.364651 0.635349
1 0.518472 0.481528
0 0.222666 0.777334
1 0.939042 0.0609577
0 0.300751 0.699249
0 0.273009 0.726991
0 0.246803 0.753197
1 0.654532 0.345468
0 0.415635 0.584365
0 0.393487 0.606513
0 0.176667 0.823333
0 0.454458 0.545542
0 0.424568 0.575432
0 0.0850199 0.91498
0 0.148837 0.851163
0 0.302381 0.697619
0 0.0921077 0.907892
0 0.405247 0.594753
0 0.361359 0.638641
0 0.225784 0.774216
0 0.47503 0.52497
0 0.0810174 0.918983
1 0.88391 0.11609
0 0.155703 0.844297
0 0.0432972 0.956703
0 0.0568873 0.943113
0 0.206809 0.793191
0 0.0526805 0.947319
0 0.388071 0.611929
1 0.866331 0.133669
0 0.11387 0.88613
0 0.244775 0.755225
1 0.653106 0.346894
1 0.857815 0.142185
1 0.695047 0.304953
1 0.549916 0.450084
1 0.802633 0.197367
0 0.426934 0.573066
0 0.0412141 0.958786
0 0.167491 0.832509
1 0.973229 0.0267706
1 0.582318 0.417682
0 0.485216 0.514784
0 0.141206 0.858794
0 0.0342011 0.965799
0 0.369103 0.630897
1 0.739857 0.260143
1 0.54227 0.45773
0 0.326756 0.673244
1 0.522384 0.477616
1 0.624706 0.375294
0 0.452362 0.547638
0 0.0764314 0.923569
0 0.310713 0.689287
1 0.757212 0.242788
1 0.568541 0.431459
1 0.952942 0.0470582
0 0.194872 0.805128
0 0.0217833 0.978217
0 0.385436 0.614564
0 0.311246 0.688754
0 0.148288 0.851712
0 0.201048 0.798952
0 0.475923 0.524077
0 0.0771195 0.92288
0 0.0931407 0.906859
1 0.514617 0.485383
0 0.435927 0.564073
1 0.743906 0.256094
0 0.208479 0.791521
0 0.0699549 0.930045
0 0.316319 0.683681
0 0.239709 0.760291
0 0.0328108 0.967189
0 0.148251 0.851749
1 0.587104 0.412896
0 0.405611 0.594389
0 0.102819 0.897181
1 0.819905 0.180095
0 0.0686128 0.931387
0 0.0180532 0.981947
1 0.524013 0.475987
0 0.225893 0.774107
0 0.299479 0.700521
0 0.313515 0.686485
0 0.453957 0.546043
0 0.191009 0.808991
0 0.0097057 0.990294
0 0.158957 0.841043
0 0.272287 0.727713
0 0.173143 0.826857
1 0.805585 0.194415
0 0.444401 0.555599
0 0.192164 0.807836
0 0.0400681 0.959932
0 0.225828 0.774172
0 0.144713 0.855287
0 0.183641 0.816359
0 0.278274 0.721726
0 0.271365 0.728635
0 0.20287 0.79713
1 0.517174 0.482826
0 0.0647985 0.935201
1 0.700322 0.299678
1 0.674602 0.325398
0 0.111224 0.888776
0 0.108043 0.891957
0 0.137464 0.862536
0 0.318963 0.681037
1 0.746995 0.253005
1 0.830397 0.169603
1 0.892948 0.107052
0 0.203544 0.796456
1 0.62236 0.37764
0 0.356178 0.643822
1 0.999078 0.000922149
0 0.314757 0.685243
0 0.162861 0.837139
0 0.140715 0.859285
1 0.679557 0.320443
1 0.848519 0.151481
0 0.49479 0.50521
0 0.347097 0.652903
0 0.39996 0.60004
0 0.0349593 0.965041
0 0.0453591 0.954641
0 0.442163 0.557837
0 0.284539 0.715461
0 0.348572 0.651428
0 0.00812987 0.99187
0 0.250418 0.749582
0 0.118554 0.881446
0 0.225805 0.774195
0 0.0955161 0.904484
0 0.47039 0.52961
0 0.226295 0.773705
0 0.102869 0.897131
0 0.225814 0.774186
0 0.0656128 0.934387
1 0.812098 0.187902
1 0.918059 0.0819409
1 0.620203 0.379797
1 0.723808 0.276192
0 0.383248 0.616752
0 0.0345899 0.96541
0 0.057612 0.942388
0 0.037913 0.962087
0 0.115766 0.884234
0 0.153169 0.846831
0 0.309332 0.690668
0 0.272091 0.727909
0 0.268755 0.731245
1 0.854877 0.145123
0 0.0424241 0.957576
0 0.0980358 0.901964
0 0.322204 0.677796
1 0.829822 0.170178
1 0.523362 0.476638
1 0.946845 0.053155
0 0.468264 0.531736
0 0.222709 0.777291
0 0.0671389 0.932861
0 0.260099 0.739901
1 0.503776 0.496224
0 0.032944 0.967056
0 0.155981 0.844019
1 0.61334 0.38666
1 0.669914 0.330086
0 0.170396 0.829604
1 0.632072 0.367928
1 0.532338 0.467662
1 0.696718 0.303282
1 0.65247 0.34753
1 0.982389 0.0176109
0 0.0549535 0.945047
0 0.328424 0.671576
1 0.682272 0.317728
0 0.111269 0.888731
1 0.992703 0.00729718
0 0.148599 0.851401
0 0.0924383 0.907562
0 0.0447015 0.955298
1 0.582052 0.417948
0 0.225828 0.774172
0 0.245781 0.754219
0 0.202671 0.797329
1 0.801237 0.198763
1 0.57687 0.42313
1 0.624156 0.375844
0 0.139104 0.860896
0 0.213495 0.786505
0 0.298175 0.701825
0 0.274536 0.725464
0 0.45023 0.54977
0 0.382895 0.617105
0 0.160667 0.839333
0 0.13784 0.86216
1 0.635233 0.364767
0 0.180372 0.819628
0 0.364843 0.635157
1 0.597428 0.402572
1 0.729932 0.270068
1 0.757273 0.242727
1 0.840362 0.159638
0 0.141 0.859
0 0.266699 0.733301
0 0.0299622 0.970038
1 0.866018 0.133982
1 0.998421 0.00157944
1 0.668842 0.331158
0 0.394934 0.605066
0 0.27877 0.72123
0 0.0202486 0.979751
0 0.270485 0.729515
0 0.102494 0.897506
0 0.338484 0.661516
0 0.158495 0.841505
0 0.116363 0.883637
0 0.195159 0.804841
0 0.468782 0.531218
0 0.201224 0.798776
0 0.392448 0.607552
0 0.486074 0.513926
1 0.581161 0.418839
0 0.0165016 0.983498
1 0.68336 0.31664
1 0.560522 0.439478
0 0.449842 0.550158
1 0.877406 0.122594
0 0.0732875 0.926713
1 0.570334 0.429666
1 0.617477 0.382523
0 0.469546 0.530454
1 0.741746 0.258254
0 0.193894 0.806106
0 0.195748 0.804252
0 0.278885 0.721115
1 0.769119 0.230881
0 0.0744394 0.925561
0 0.140766 0.859234
0 0.259607 0.740393
0 0.177272 0.822728
0 0.219077 0.780923
0 0.31326 0.68674
0 0.328649 0.671351
1 0.588044 0.411956
0 0.2259 0.7741
0 0.118683 0.881317
1 0.771722 0.228278
0 0.194408 0.805592
0 0.286064 0.713936
0 0.365106 0.634894
0 0.295033 0.704967
0 0.182612 0.817388
0 0.225859 0.774141
0 0.108659 0.891341
0 0.25275 0.74725
0 0.22582 0.77418
0 0.0707162 0.929284
1 0.762945 0.237055
0 0.275194 0.724806
0 0.124679 0.875321
0 0.354757 0.645243
0 0.358328 0.641672
0 0.316244 0.683756
0 0.488323 0.511677
0 0.199158 0.800842
0 0.0756971 0.924303
0 0.0880097 0.91199
0 0.382309 0.617691
1 0.545388 0.454612
0 0.0424575 0.957543
1 0.987278 0.0127222
1 0.522221 0.477779
0 0.0703112 0.929689
1 0.640545 0.359455
1 0.654409 0.345591
1 0.789111 0.210889
1 0.589576 0.410424
0 0.119966 0.880034
0 0.13569 0.86431
1 0.78172 0.21828
0 0.312658 0.687342
0 0.383115 0.616885
0 0.164754 0.835246
0 0.414723 0.585277
0 0.105914 0.894086
0 0.498449 0.501551
0 0.463093 0.536907
0 0.313655 0.686345
0 0.0893261 0.910674
1 0.591151 0.408849
0 0.457729 0.542271
0 0.284602 0.715398
1 0.679768 0.320232
0 0.164104 0.835896
0 0.358962 0.641038
1 0.656317 0.343683
1 0.663589 0.336411
0 0.0649161 0.935084
0 0.168644 0.831356
0 0.11039 0.88961
1 0.847256 0.152744
0 0.339734 0.660266
0 0.211268 0.788732
1 0.715277 0.284723
1 0.833633 0.166367
1 0.712556 0.287444
1 0.534776 0.465224
1 0.739424 0.260576
0 0.1451 0.8549
0 0.0721658 0.927834
1 0.857229 0.142771
0 0.20344 0.79656
1 0.967675 0.0323245
1 0.501406 0.498594
0 0.080605 0.919395
1 0.809757 0.190243
0 0.297613 0.702387
0 0.195769 0.804231
1 0.714348 0.285652
0 0.108597 0.891403
0 0.257058 0.742942
1 0.565318 0.434682
1 0.527495 0.472505
1 0.757855 0.242145
1 0.821892 0.178108
0 0.254916 0.745084
0 0.386879 0.613121
0 0.0810971 0.918903
0 0.199424 0.800576
0 0.441196 0.558804
1 0.570193 0.429807
0 0.260865 0.739135
1 0.870359 0.129641
0 0.238519 0.761481
0 0.109728 0.890272
0 0.274145 0.725855
0 0.216092 0.783908
1 0.626155 0.373845
0 0.250572 0.749428
0 0.349006 0.650994
0 0.166918 0.833082
0 0.16001 0.83999
0 0.141344 0.858656
1 0.901463 0.0985372
0 0.355682 0.644318
0 0.100614 0.899386
0 0.457063 0.542937
0 0.225856 0.774144
0 0.235071 0.764929
0 0.217549 0.782451
0 0.365996 0.634004
1 0.873488 0.126512
0 0.272314 0.727686
1 0.652815 0.347185
1 0.760404 0.239596
0 0.454719 0.545281
1 0.713741 0.286259
0 0.298664 0.701336
0 0.448686 0.551314
0 0.349275 0.650725
0 0.179002 0.820998
1 0.990453 0.00954736
0 0.401191 0.598809
1 0.889538 0.110462
0 0.490507 0.509493
0 0.168716 0.831284
0 0.0368182 0.963182
0 0.248212 0.751788
0 0.252097 0.747903
1 0.851767 0.148233
0 0.0578126 0.942187
1 0.532578 0.467422
0 0.35742 0.64258
0 0.142594 0.857406
0 0.225862 0.774138
0 0.350095 0.649905
0 0.137347 0.862653
0 0.20882 0.79118
0 0.323347 0.676653
0 0.422999 0.577001
0 0.395809 0.604191
1 0.590261 0.409739
0 0.205625 0.794375
1 0.828621 0.171379
0 0.398754 0.601246
1 0.925448 0.0745523
0 0.0385444 0.961456
0 0.068476 0.931524
0 0.100242 0.899758
1 0.878807 0.121193
1 0.681852 0.318148
1 0.652247 0.347753
0 0.405107 0.594893
0 0.366598 0.633402
0 0.216229 0.783771
0 0.416321 0.583679
0 0.0450042 0.954996
0 0.0737185 0.926281
0 0.166633 0.833367
0 0.212609 0.787391
0 0.225881 0.774119
1 0.616112 0.383888
0 0.42868 0.57132
1 0.914082 0.0859182
0 0.365059 0.634941
1 0.585992 0.414008
1 0.515681 0.484319
0 0.219261 0.780739
0 0.123033 0.876967
0 0.353151 0.646849
0 0.199864 0.800136
0 0.431227 0.568773
1 0.529166 0.470834
0 0.103703 0.896297
0 0.354008 0.645992
0 0.228496 0.771504
0 0.236922 0.763078
0 0.234542 0.765458
0 0.0766638 0.923336
0 0.124407 0.875593
0 0.217356 0.782644
0 0.038495 0.961505
0 0.36449 0.63551
0 0.170654 0.829346
0 0.395149 0.604851
0 0.416074 0.583926
0 0.486082 0.513918
1 0.563964 0.436036
0 0.30535 0.69465
0 0.27448 0.72552
0 0.268136 0.731864
1 0.728923 0.271077
0 0.0962471 0.903753
0 0.488428 0.511572
0 0.0428088 0.957191
0 0.269933 0.730067
0 0.227181 0.772819
0 0.362095 0.637905
0 0.226973 0.773027
0 0.120611 0.879389
0 0.355067 0.644933
1 0.729859 0.270141
0 0.241805 0.758195
0 0.472095 0.527905
1 0.999999 7.83206e-07
1 0.747958 0.252042
0 0.251767 0.748233
1 0.737877 0.262123
1 0.801923 0.198077
0 0.347481 0.652519
0 0.400401 0.599599
0 0.346897 0.653103
0 0.101846 0.898154
0 0.488555 0.511445
0 0.16996 0.83004
0 0.463236 0.536764
0 0.127648 0.872352
0 0.399553 0.600447
0 0.32995 0.67005
1 0.608997 0.391003
0 0.482702 0.517298
0 0.21071 0.78929
0 0.153615 0.846385
1 0.598791 0.401209
0 0.396646 0.603354
0 0.178792 0.821208
0 0.252171 0.747829
1 0.507665 0.492335
0 0.383106 0.616894
0 0.324736 0.675264
0 0.341671 0.658329
1 0.674064 0.325936
0 0.119735 0.880265
1 0.792603 0.207397
0 0.372864 0.627136
0 0.214725 0.785275
0 0.114473 0.885527
0 0.264481 0.735519
1 0.718489 0.281511
0 0.152597 0.847403
0 0.16189 0.83811
0 0.225857 0.774143
0 0.44589 0.55411
0 0.147826 0.852174
0 0.204175 0.795825
0 0.244762 0.755238
0 0.0428484 0.957152
0 0.0930991 0.906901
1 0.849862 0.150138
1 0.695284 0.304716
0 0.301909 0.698091
0 0.100099 0.899901
0 0.323992 0.676008
1 0.554892 0.445108
0 0.222656 0.777344
0 0.22586 0.77414
0 0.0891237 0.910876
0 0.217977 0.782023
0 0.171982 0.828018
0 0.169388 0.830612
1 0.631498 0.368502
0 0.286307 0.713693
1 0.705825 0.294175
0 0.460766 0.539234
0 0.0881102 0.91189
0 0.313612 0.686388
1 0.530499 0.469501
0 0.414415 0.585585
1 0.514922 0.485078
1 0.54412 0.45588
1 0.988629 0.0113709
0 0.128217 0.871783
0 0.408806 0.591194
0 0.249061 0.750939
0 0.158982 0.841018
0 0.109497 0.890503
0 0.34997 0.65003
0 0.12666 0.87334
0 0.273515 0.726485
1 0.59546 0.40454
0 0.385394 0.614606
0 0.424628 0.575372
0 0.381725 0.618275
0 0.403263 0.596737
